3,2
3,1
3,3
47,5
47,4
47,3
47,2
47,1
47,0
46,3
46,1
45,3
45,1
44,4
44,3
44,1
10,254
10,196
10,300
10,198
10,252
10,202
10,70
10,8
11,6
42,3
8,6
8,7
8,8
8,2
8,3
42,1
39,3
39,1
37,3
37,1
35,3
35,1
33,4
33,3
33,1
28,3
28,1
25,3
25,1
20,3
20,2
20,1
19,3
19,2
19,1
12,3
12,2
12,1
11,29
11,28
11,27
11,26
11,25
11,24
11,23
11,22
11,21
11,20
11,19
11,18
11,17
11,16
11,15
11,14
11,13
11,12
11,11
11,10
11,9
11,8
11,4
11,3
11,2
11,1
10,312
10,290
10,270
10,264
10,256
10,246
10,232
10,200
10,194
10,158
18,1
10,125
10,122
10,106
18,3
14,1
10,100
10,76
10,10
10,3
10,2
14,3
10,1
13,1
10,0
9,7
